[[6.322796084547166, 5.231218095615707]
 [4.908180258140893, 3.6255110456029627]
 [1.3266982255965325, 3.9323780344472676]
 [7.196384210574382, 7.01179724786353]
 [6.6663201967523165, 8.002360738632955]
 [6.991133573318149, 7.8003080759688705]
 [6.985380565324637, 8.238532899164019]
 [2.8230642025469295, 4.511743703557027]
 [5.0017381163951296, 4.630700466728438]
 [3.8473901247519784, 5.824989603582148]
 [5.714697616325995, 5.266665629922534]
 [6.214259172303118, 7.355247400891393]
 [3.95691908264815, 3.6721939698912496]
 [8.237401887238061, 6.044774693817418]
 [3.944977132772143, 11.803040239336744]
 [8.616456669314738, 0.7006290770386273]
 [0.8118148082486174, 3.8929683520300062]
 [7.195024025353814, 7.635221847132283]]
    
[[4.510422785157145, 7.043591395005725]
 [4.024700637851233, 4.508990665892613]
 [2.6075839276306962, 2.6514923324131163]
 [6.612690966280722, 7.595490492157188]
 [7.206338477448664, 7.46234245793661]
 [6.991133573318149, 7.8003080759688705]
 [5.672958904933046, 9.550954559555539]
 [3.623851195598368, 3.7109567105056063]
 [4.620924553613892, 5.011514029509669]
 [3.1430999245554374, 6.529279803778696]
 [7.3522830260411185, 3.6290802202074186]
 [5.224175493789349, 8.345331079405154]
 [4.477011917296549, 3.152101135242781]
 [4.411620937327548, 9.870555643727995]
 [6.766625638918219, 8.981391733190694]
 [9.1727022014907, 0.14438354486267468]
 [-3.5590909285511034, 8.263874088829645]
 [9.117657939925415, 5.712587932560728]]
    
[[6.1887403611639185, 5.365273818998954]
 [5.6903676576217705, 2.8433236461220885]
 [1.76120100627492, 3.4978752537688873]
 [4.914196300690307, 9.29398515774759]
 [7.80846596805905, 6.860214967326223]
 [6.712689596932921, 8.078752052354098]
 [8.375320854683007, 6.848592609805605]
 [3.225649482262932, 4.109158423841033]
 [5.47527913640375, 4.157159446719818]
 [5.0284633204581475, 4.643916407875987]
 [6.1970146859309105, 4.78434856031762]
 [6.431340908167901, 7.138165665026616]
 [4.2471610401862465, 3.3819520123531115]
 [6.159649627087189, 8.122526953968352]
 [2.517364174010751, 13.230653198098125]
 [8.185873220924599, 1.1312125254287986]
 [1.7105292394817604, 2.994253920796833]
 [4.719336196187217, 10.110909676298881]]
    
[[6.012486527430369, 5.541527652732516]
 [3.896806583268032, 4.636884720475812]
 [1.8267044743043641, 3.4323717857394413]
 [8.201919521615647, 6.006261936822264]
 [7.102445055375818, 7.566235880009467]
 [6.991133573318149, 7.8003080759688705]
 [7.322990402323547, 7.900923062165061]
 [2.226452056589655, 5.108355849514312]
 [4.159269588945384, 5.4731689941781765]
 [7.652834585751296, 2.019545142582858]
 [4.928881691390871, 6.052481554857665]
 [5.474858144357118, 8.094648428837358]
 [1.881989106984505, 5.7471239455548435]
 [5.253588846499823, 9.028587734555716]
 [5.344005390249468, 10.404011981859425]
 [8.441719171753252, 0.87536657460011]
 [-4.369719629441489, 9.07450278972006]
 [9.9813129932241, 4.848932879262012]]
    
[[6.217966882005867, 5.336047298157002]
 [3.739109196526254, 4.7945821072176]
 [2.1654660757259974, 3.093610184317799]
 [6.983314142117105, 7.224867316320813]
 [7.05299722204798, 7.615683713337291]
 [6.712689596932921, 8.078752052354098]
 [5.27032137024338, 9.95359209424522]
 [3.4286585754747265, 3.906149330629249]
 [4.474695162770928, 5.157743420352617]
 [2.832196541020097, 6.840183187314046]
 [7.513475153358124, 3.467888092890412]
 [5.947228135481143, 7.622278437713375]
 [-6.6243637371806745, 14.25347678971994]
 [13.084854281887129, 1.1973222991684525]
 [6.801850281513036, 8.946167090595843]
 [11.847501330107887, -2.5304155837544813]
 [-8.940428495693515, 13.64521165597215]
 [13.991408954164246, 0.8388369183217967]]
    
[[7.022020868327027, 4.5319933118358655]
 [5.039968090475648, 3.4937232132681992]
 [0.21603432366166886, 5.043041936382143]
 [7.648360156322149, 6.559821302115753]
 [7.366394611571543, 7.302286323813728]
 [6.712689596932921, 8.078752052354098]
 [8.219003214437159, 7.004910250051459]
 [4.0771449710707, 3.2576629350332578]
 [3.8725847360269525, 5.759853847096617]
 [4.2276871807287195, 5.444692547605418]
 [4.792507590911008, 6.188855655337521]
 [6.586718482260244, 6.982788090934271]
 [9.046614748039211, -1.417501695499858]
 [0.11210585881878452, 14.170070722236762]
 [7.5007329817406205, 8.247284390368288]
 [5.78205012718911, 3.5350356191642445]
 [2.138135590736066, 2.566647569542525]
 [9.354218180670095, 5.476027691816005]]
    
[[5.9208763385585605, 5.63313784160431]
 [4.689253705033561, 3.844437598710288]
 [1.2635218370528705, 3.9955544229909115]
 [7.175688281842952, 7.032493176594956]
 [7.490546409165288, 7.178134526219987]
 [6.56990956989933, 8.22153207938768]
 [9.355721469884154, 5.86819199460447]
 [4.579996336353647, 2.7548115697503293]
 [5.450003707431315, 4.1824348756922545]
 [4.236422164515886, 5.435957563818257]
 [6.587717042843819, 4.393646203404705]
 [6.63343602729051, 6.936070545904093]
 [2.8956291876844333, 4.733483864854933]
 [6.863991655179288, 7.418184925876231]
 [4.5187900651352395, 11.22922730697364]
 [5.997666011309771, 3.3194197350436045]
 [1.7504128751094188, 2.9543702851692077]
 [5.36449638990633, 9.465749482579717]]
    
[[6.818897426153499, 4.735116754009385]
 [4.249841272924017, 4.283850030819828]
 [2.247393937981653, 3.0116823220621387]
 [8.787050939534582, 5.421130518903308]
 [5.323380340924905, 9.34530059446042]
 [6.820592689660771, 7.970848959626248]
 [4.992298905820578, 10.231614558668019]
 [3.826922539664712, 3.507885366439265]
 [5.419954600971087, 4.212483982152475]
 [6.033062059994252, 3.639317668339859]
 [4.374588797624876, 6.606774448623668]
 [4.6542691747304925, 8.915237398464035]
 [2.090932600727835, 5.538180451811551]
 [5.2876994804307555, 8.994477100624804]
 [2.9256084230374113, 12.822408949071509]
 [10.113493483687645, -0.796407737334365]
 [-3.266477963336276, 7.971261123614954]
 [11.347343104145422, 3.4829027683406264]]
    
[[5.714341157469836, 5.839673022693037]
 [5.102857454197982, 3.4308338495458788]
 [2.18770588793231, 3.0713703721114953]
 [6.984119966766057, 7.224061491671853]
 [6.792502025617968, 7.876178909767301]
 [6.974507113972721, 7.816934535314301]
 [9.710198959336857, 5.51371450515177]
 [5.789674402768741, 1.5451335033352318]
 [7.361982189853735, 2.2704563932698494]
 [-0.8426795869150003, 10.515059315249088]
 [5.84087944519165, 5.140483801056878]
 [5.791857532295117, 7.7776490408994]
 [2.146937454333056, 5.482175598206301]
 [7.068973878643023, 7.213202702412526]
 [7.338320516912717, 8.409696855196177]
 [2.196172332855644, 7.120913413497722]
 [2.0709745359982703, 2.6338086242803254]
 [6.9913012188816195, 7.838944653604474]]
    
[[6.6094682926065484, 4.944545887556338]
 [4.206014768220416, 4.32767653552343]
 [2.1223162852495654, 3.136759974794251]
 [7.67389464839424, 6.534286810043676]
 [5.461210961457588, 9.20746997392762]
 [8.036031381219537, 6.755410268067547]
 [9.582165468914557, 5.6417479955740575]
 [0.670832352595122, 6.663975553508835]
 [8.14610820676682, 1.486330376356767]
 [4.697516635440206, 4.974863092893926]
 [5.078630960539842, 5.902732285708659]
 [5.60360223488415, 7.9659043383103505]
 [5.183126344671401, 2.445986707867949]
 [8.20520179517044, 6.076974785885116]
 [11.33575420193687, 4.412263170172072]
 [-4.305968915822982, 13.623054662176257]
 [3.228871716234766, 1.4759114440438392]
 [7.160652941712793, 7.669592930773333]]
    
[[4.605113129635264, 6.948901050527615]
 [4.032961412298253, 4.500729891445593]
 [-1.0892964423750209, 6.348372702418812]
 [10.353414232190016, 3.8547672262479082]
 [7.404563900894498, 7.264117034490775]
 [6.646287838867705, 8.145153810419316]
 [6.00522109722792, 9.218692367260676]
 [3.6014790296964625, 3.7333288764075014]
 [3.4812980190058997, 6.151140564117673]
 [5.343065405785836, 4.329314322548299]
 [6.263859976448375, 4.717503269800152]
 [5.840384459536301, 7.7291221136582156]
 [0.9968969327691941, 6.632216119770152]
 [4.166400637476169, 10.115775943579377]
 [4.929290404617332, 10.818726967491559]
 [11.160624748296183, -1.8435390019428108]
 [-1.5850757725805797, 6.28985893285916]
 [6.975343733113504, 7.854902139372595]]
    
[[4.9386496362164305, 6.615364543946432]
 [3.967660432364845, 4.566030871379002]
 [1.713484448195246, 3.5455918118485585]
 [6.968633885680671, 7.239547572757247]
 [7.407117331647054, 7.261563603738215]
 [6.715048175286947, 8.076393474000074]
 [6.229385682205583, 8.994527782283031]
 [3.9890480002423354, 3.3457599058616205]
 [5.630734835279539, 4.001703747844026]
 [3.94707341803129, 5.725306310302844]
 [6.381244876396327, 4.6001183698522]
 [5.1264314813774705, 8.443075091817043]
 [4.578424228866659, 3.050688823672685]
 [4.557951135903022, 9.72422544515249]
 [11.987170048626085, 3.7608473234828708]
 [1.542032938671666, 7.775052807681702]
 [4.326447909176936, 0.37833525110163885]
 [3.8139479881107605, 11.016297884375362]]
    
[[6.74353302217908, 4.810481157983802]
 [3.48222338594685, 5.0514679177969946]
 [2.874455308242226, 2.3846209518015935]
 [6.437858778956621, 7.770322679481279]
 [7.105511001377805, 7.563169934007461]
 [6.634030678378625, 8.157410970908394]
 [3.7201888656430646, 11.503724598845597]
 [3.6387978023692495, 3.6960101037347055]
 [4.0520107909640375, 5.580427792159541]
 [-1.7322571527686852, 11.404636881102874]
 [5.8279757797074305, 5.153387466541097]
 [5.9676531247387565, 7.6018534484557625]
 [8.429526085871508, -0.8004130333321725]
 [7.655868807092056, 6.626307773963476]
 [4.95119493503188, 10.796822437077045]
 [10.357694850087103, -1.040609103733798]
 [7.915064864981472, -3.210281704702917]
 [6.020640860411426, 8.809605012074678]]
    
[[5.41148340784788, 6.14253077231499]
 [4.20673836420735, 4.3269529395365085]
 [2.2869669837524365, 2.972109276291376]
 [7.570617581573472, 6.637563876864425]
 [6.872540401846836, 7.796140533538427]
 [6.617537777990451, 8.173903871296577]
 [6.5073540869771795, 8.71655937751144]
 [5.311049144855426, 2.02375876124854]
 [2.861150194111293, 6.771288389012266]
 [5.061730012223293, 4.610649716110846]
 [5.749279032842789, 5.23208421340575]
 [5.97193575815715, 7.597570815037365]
 [-0.10103639154781613, 7.73014944408714]
 [6.189341116713802, 8.092835464341725]
 [7.747449237210976, 8.000568134897875]
 [6.707880858502873, 2.6092048878505745]
 [-1.2142450989499114, 5.9190282592284875]
 [6.681293979450592, 8.148951893035475]]
    
[[15.03128038783694, -3.4772662076740137]
 [0.649665289493138, 7.884026014250713]
 [5.750353116102667, -0.4912768560588637]
 [6.742888685064177, 7.465292773373733]
 [7.304369380837056, 7.364311554548217]
 [6.820592689660771, 7.970848959626248]
 [4.783630066027871, 10.440283398460716]
 [1.7610033302013763, 5.5738045759025905]
 [3.322937333960518, 6.309501249163048]
 [-1.2323211537782044, 10.904700882112326]
 [5.734193344006151, 5.247169902242374]
 [5.9192094498656225, 7.650297123328896]
 [6.360740153305191, 1.2683728992341419]
 [10.662725460641811, 3.619451120413755]
 [6.692961210316851, 9.05505616179203]
 [3.590075060514322, 5.727010685839055]
 [16.168931172815746, -11.464148012537128]
 [6.590481148500625, 8.239764723985456]]
    
[[6.147629440614643, 5.406384739548218]
 [4.703013782840719, 3.830677520903137]
 [1.6380097833305298, 3.6210664767132754]
 [7.588358749005934, 6.619822709431978]
 [6.670511027725167, 7.998169907660103]
 [6.820592689660771, 7.970848959626248]
 [3.775612300516059, 11.448301163972562]
 [5.379226958047284, 1.955580948056682]
 [4.6656962760447955, 4.9667423070787695]
 [4.042674639487552, 5.62970508884658]
 [6.1259029583041675, 4.8554602879443625]
 [5.917718629738601, 7.651787943455916]
 [-2.5308524537370927, 10.159965506276432]
 [0.9238198918192716, 13.358356689236276]
 [3.0531105395607203, 12.694906832548176]
 [20.009721889928226, -10.692636143574854]
 [-12.843132166872715, 17.547915327151316]
 [6.596087441291156, 8.234158431194942]]
    
[[5.340454280726863, 6.213559899436004]
 [4.535798721415727, 3.997892582328129]
 [2.466910511340102, 2.792165748703705]
 [7.575941799439754, 6.632239658998154]
 [6.500831468122117, 8.167849467263155]
 [6.991133573318149, 7.8003080759688705]
 [1.32782929145364, 13.896084173035009]
 [6.405949113755732, 0.9288587923482018]
 [4.772632948453744, 4.859805634669822]
 [4.184495439967455, 5.487884288366681]
 [5.90577108305508, 5.075592163193447]
 [6.3785237276115465, 7.190982845582968]
 [5.106837331178768, 2.5222757213605624]
 [4.9524836727921056, 9.32969290826347]
 [4.7306106508518155, 11.017406721257084]
 [6.831563550072067, 2.4855221962812832]
 [2.1398500345563556, 2.5649331257222565]
 [6.514406165131107, 8.315839707354986]]
    
[[6.3154737890493475, 5.238540391113527]
 [5.255502764287798, 3.2781885394560515]
 [0.5836646546260791, 4.675411605417738]
 [7.177751497560256, 7.030429960877651]
 [7.366394611571543, 7.302286323813728]
 [6.712689596932921, 8.078752052354098]
 [9.666353589864867, 5.557559874623682]
 [2.646724526367402, 4.688083379736573]
 [6.430882915397497, 3.2015556677260384]
 [4.52291879179935, 5.149460936534788]
 [5.6978291901299984, 5.283534056118527]
 [6.532378136694817, 7.037128436499698]
 [2.251713648730597, 5.377399403808796]
 [9.501021696369193, 4.781154884686339]
 [4.173172528151355, 11.574844843957505]
 [-0.02008017114878332, 9.337165917502244]
 [9.62025031428691, -4.915467154008333]
 [-0.7714896181414285, 15.601735490627618]]
    
[[5.349229794338883, 6.204784385824023]
 [4.14579115835213, 4.387900145391707]
 [2.3013799835727857, 2.9576962764710193]
 [6.151312773681569, 8.05686868475632]
 [7.935491488549862, 6.73318944683543]
 [6.528508005248394, 8.26293364403862]
 [8.100223434437408, 7.123690030051191]
 [3.152831708660102, 4.181976197443861]
 [3.3891638765463883, 6.243274706577162]
 [4.569443680148191, 5.102936048185945]
 [5.29070306223714, 5.6906601840113655]
 [7.063317146585039, 6.50618942660953]
 [5.5077504195498594, 2.121362632989549]
 [5.878902622659266, 8.403273958396264]
 [6.010083677603984, 9.737933694504916]
 [6.804093088962073, 2.5129926573912975]
 [2.930383774604273, 1.7743993856743674]
 [7.242793664633114, 7.587452207852979]]
    
[[5.884506059742312, 5.669508120420561]
 [4.361436656860398, 4.172254646883456]
 [3.1428766809853834, 2.1161995790584167]
 [6.045122042767598, 8.163059415670313]
 [7.335581536550395, 7.3330993988348805]
 [6.76629401003813, 8.025147639248889]
 [7.23953140746866, 7.984382057019969]
 [4.485580406526971, 2.8492274995769904]
 [3.591219963330106, 6.041218619793456]
 [5.690281492914887, 3.982098235419251]
 [4.029918669378604, 6.951444576869923]
 [4.594335243282214, 8.975171329912303]
 [11.986300643040108, -4.357187590500697]
 [-3.9205137516011073, 18.202690332656584]
 [8.462133233089286, 7.285884139019625]
 [4.752464603372919, 4.564621142980426]
 [-0.8069026218569083, 5.511685782135525]
 [11.600276980934664, 3.229968891551426]]
    
[[7.15181371568502, 4.402200464477864]
 [5.0573605617191175, 3.476330742024723]
 [3.333975789267341, 1.9251004707764507]
 [4.512189224373942, 9.695992234063993]
 [7.366394611571543, 7.302286323813728]
 [6.712689596932921, 8.078752052354098]
 [9.194907105124516, 6.029006359364069]
 [3.113516198230338, 4.221291707873643]
 [5.078663319007411, 4.553775264116149]
 [5.384229548984587, 4.288150179349539]
 [6.595354156965842, 4.3860090892826795]
 [5.947228135481143, 7.622278437713375]
 [1.8796010916996293, 5.7495119608397145]
 [6.742242065201917, 7.539934515853621]
 [2.6160836752221597, 13.131933696886769]
 [6.762603278734858, 2.5544824676185]
 [4.153849637640844, 0.5509335226377289]
 [3.1265151936774513, 11.703730678808682]]
    
[[4.616079701369086, 6.937934478793791]
 [5.2340087984435835, 3.2996825053002734]
 [1.146786537715669, 4.1122897223281205]
 [7.324123773209195, 6.8840576852287265]
 [6.919054363478728, 7.749626571906542]
 [6.712689596932921, 8.078752052354098]
 [7.90788257092106, 7.316030893567536]
 [3.0950311133757245, 4.239776792728242]
 [5.395029321655922, 4.237409261467644]
 [3.87097841949449, 5.801401308839649]
 [6.007326692701527, 4.974036553546999]
 [6.307373872111328, 7.262132701083184]
 [1.7613204736231354, 5.867792578916201]
 [9.746620017744727, 4.5355565633107835]
 [2.395244609163635, 13.352772762945316]
 [5.918973035765102, 3.3981127105882574]
 [3.4076659661338686, 1.2971171941447164]
 [5.185519532399326, 9.64472634008679]]
    
[[6.982328376153631, 4.571685804009261]
 [3.2143518809911513, 5.319339422752689]
 [2.7509230867723495, 2.508153173271462]
 [6.57624797562097, 7.631933482816937]
 [6.945639098522296, 7.7230418368629765]
 [6.820592689660771, 7.970848959626248]
 [9.994033995650339, 5.22987946883826]
 [3.55956282839721, 3.775245077706756]
 [4.918082730837284, 4.71435585228628]
 [5.4795556594737835, 4.192824068860351]
 [6.097311794866087, 4.884051451382433]
 [6.472756209205415, 7.0967503639890985]
 [2.6251657831163526, 5.003947269422996]
 [0.8166704729749698, 13.465506108080588]
 [8.753723865906151, 6.994293506202747]
 [5.017529768384978, 4.299555977968399]
 [2.7649823779046385, 1.9398007823739305]
 [3.1377664167478567, 11.692479455738269]]
    
[[5.25479421361838, 6.299219966544463]
 [4.353514099732046, 4.180177204011804]
 [2.4162644526139494, 2.8428118074298734]
 [10.399513368559136, 3.808668089878815]
 [2.1792260862830037, 12.489454849102199]
 [6.820592689660771, 7.970848959626248]
 [6.627621890496738, 8.596291573991877]
 [3.951761965282582, 3.3830459408213907]
 [6.209575810504468, 3.422862772619114]
 [5.446217922495882, 4.22616180583826]
 [6.674553645488107, 4.30680960076042]
 [5.541039010441842, 8.028467562752676]
 [-1.0714790625479884, 8.700592115087323]
 [3.922187230270053, 10.359989350785462]
 [12.525156037784912, 3.222861334324052]
 [4.867677298986421, 4.449408447366923]
 [-0.811737739264145, 5.51652089954275]
 [8.01260724520688, 6.817638627279213]]
    
[[5.303969168133436, 6.250045012029427]
 [4.34896818424964, 4.184723119494204]
 [2.533050111104391, 2.726026148939425]
 [6.748106247274786, 7.460075211163124]
 [6.4530595594031945, 8.215621375982076]
 [8.074976293031156, 6.71646535625587]
 [6.301022859630066, 8.922890604858546]
 [3.7001806788967273, 3.634627227207233]
 [3.451204047226817, 6.1812345358967455]
 [4.737051520161489, 4.935328208172644]
 [5.892074511197542, 5.089288735050987]
 [4.764461921426848, 8.805044651767657]
 [1.7622388237920414, 5.866874228747288]
 [4.07079333178109, 10.21138324927446]
 [8.391904994551503, 7.356112377557389]
 [7.063891491029622, 2.2531942553237503]
 [0.3710247179045214, 4.333758442374063]
 [8.330107467139317, 6.500138405346793]]
    
[[5.834941895959025, 5.719072284203839]
 [4.597012356477342, 3.936678947266507]
 [1.7301618139465522, 3.528914446097256]
 [7.166163753795583, 7.04201770464233]
 [9.278955006955618, 5.3897259284295735]
 [4.475432448751662, 10.316009200535438]
 [5.737193582876422, 9.486719881612178]
 [4.443604456261718, 2.891203449842265]
 [4.0976826399315645, 5.53475594319201]
 [3.850253513909461, 5.82212621442467]
 [6.350352689176806, 4.631010557071698]
 [6.200979085637526, 7.368527487556993]
 [7.146979805997695, 0.4821332465416799]
 [7.3701017187210685, 6.912074862334477]
 [8.639795686226421, 7.108221685882463]
 [1.8242926802552972, 7.492793066098008]
 [4.507925006358352, 0.19685815392030173]
 [6.720748948415971, 8.109496924070076]]
    
[[4.2838386703788425, 7.270175509784039]
 [4.279263187762954, 4.254428115980889]
 [2.108306663039753, 3.150769597004057]
 [6.683429330013395, 7.524752128424516]
 [7.206338477448664, 7.46234245793661]
 [6.991133573318149, 7.8003080759688705]
 [6.084060763972434, 9.13985270051618]
 [3.0773635123306664, 4.2574443937733]
 [6.393501158057611, 3.238937425065958]
 [4.642987441152203, 5.029392287181934]
 [4.919788806034013, 6.061574440214512]
 [6.3785237276115465, 7.190982845582968]
 [6.453123954030486, 1.1759890985088743]
 [7.070205266851114, 7.211971314204439]
 [7.91483395794037, 7.833183414168528]
 [1.0133251635768796, 8.303760582776473]
 [2.6686577812590224, 2.036125379019589]
 [8.42509855037774, 6.405147322108357]]
    
[[6.248159839750574, 5.3058543404123055]
 [4.145173202192249, 4.388518101551599]
 [2.5727007502677455, 2.6863755097760618]
 [6.674823413269523, 7.533358045168389]
 [7.206338477448664, 7.46234245793661]
 [6.991133573318149, 7.8003080759688705]
 [9.490752545864872, 5.733160918623746]
 [3.279060507378536, 4.055747398725432]
 [5.368732863313377, 4.263705719810197]
 [3.890383155889676, 5.781996572444446]
 [6.014430279260457, 4.96693296698806]
 [5.874925905409294, 7.694580667785224]
 [4.629110547796577, 3.0000025047427963]
 [7.828897548363035, 6.453279032692533]
 [3.4996226363985, 12.24839473571041]
 [5.321464134237994, 3.9956216121153223]
 [6.085618918992769, -1.3808357587141205]
 [2.4900082323053034, 12.340237640180769]]
    
[[5.356158017691429, 6.197856162471441]
 [4.792182366362768, 3.74150893738109]
 [2.4674059697474475, 2.7916702902963544]
 [6.674129089400165, 7.534052369037751]
 [7.408473097852782, 7.260207837532491]
 [6.712689596932921, 8.078752052354098]
 [6.9858191921837, 8.23809427230489]
 [3.0458815220209385, 4.288926384083025]
 [4.1501202612900485, 5.482318321833506]
 [4.674973333983887, 4.997406394350234]
 [5.902367243746961, 5.0789960025015874]
 [5.935738755748031, 7.63376781744648]
 [2.774008329307223, 4.855104723232136]
 [6.926339948842886, 7.355836632212677]
 [4.572202936933382, 11.17581443517549]
 [6.698490412511832, 2.6185953338415366]
 [3.2868332408048175, 1.4179499194738294]
 [6.583069267481755, 8.247176605004366]]
    
[[4.093956198664527, 7.460057981498315]
 [4.0628235690465315, 4.470867734697318]
 [3.7750714402477863, 1.4840048197960445]
 [6.830009289376988, 7.378172169060919]
 [7.366394611571543, 7.302286323813728]
 [6.712689596932921, 8.078752052354098]
 [9.86041827334946, 5.3634951911391395]
 [1.800555516650088, 5.534252389453871]
 [4.408790359100785, 5.22364822402277]
 [4.627226313129453, 5.04515341520469]
 [5.722620338800602, 5.258742907447911]
 [6.586718482260244, 6.982788090934271]
 [6.865506370564059, 0.7636066819752977]
 [1.1081020634621233, 13.174074517593425]
 [8.402201205795153, 7.345816166313775]
 [4.4787953898216415, 4.8382903565317035]
 [4.321227237337821, 0.38355592294074964]
 [4.860873692040699, 9.969372180445466]]
    
[[6.8733697503743025, 4.680644429788577]
 [3.8674653931185334, 4.666225910625309]
 [1.7027426980553269, 3.556333561988479]
 [7.850455913952591, 6.357725544485328]
 [6.297314497671248, 8.371366437714018]
 [6.820592689660771, 7.970848959626248]
 [9.617786766853484, 5.606126697635132]
 [3.774621240386119, 3.5601866657178514]
 [5.143770207447421, 4.488668375676143]
 [3.7042976333447863, 5.968082094989358]
 [5.350018874539579, 5.6313443717089475]
 [7.656419820528856, 5.913086752665666]
 [1.5455409851731219, 6.0835720673662115]
 [4.597180474155552, 9.68499610689999]
 [7.028734075835568, 8.71928329627331]
 [6.735347151290981, 2.5817385950623954]
 [7.985436170405487, -3.2806530101268727]
 [0.05762731848344727, 14.77261855400263]]
    
[[5.421145517341493, 6.132868662821383]
 [4.4362305042387025, 4.09746079950515]
 [1.8317504121570656, 3.427325847886738]
 [6.508042928444354, 7.700138529993556]
 [7.531428284930313, 7.137252650454962]
 [6.991133573318149, 7.8003080759688705]
 [6.912787047688601, 8.31112641680002]
 [5.816938567180155, 1.517869338923809]
 [3.739037964380202, 5.893400618743366]
 [4.622286017279081, 5.050093711055048]
 [5.72565709418986, 5.255706152058664]
 [6.3785237276115465, 7.190982845582968]
 [0.05954396068678647, 7.569569091852573]
 [0.17473114624232974, 14.107445434813227]
 [26.12993060125728, -10.381913229148424]
 [-7.416358298680083, 16.73344404503347]
 [6.5191296439663295, -1.8143464836877303]
 [6.067651154269431, 8.762594718216674]]
    
[[6.004990913651803, 5.54902326651108]
 [3.659550318449109, 4.874140985294731]
 [3.174171146064628, 2.0849051139791945]
 [7.163417574458454, 7.044763883979451]
 [7.2977073759601, 7.370973559425175]
 [6.820592689660771, 7.970848959626248]
 [9.665796883937539, 5.558116580551063]
 [1.5730620190689901, 5.761745887034973]
 [4.572219683003264, 5.060218900120297]
 [4.521314970661442, 5.1510647576727]
 [5.726268745171872, 5.255094501076649]
 [6.472756209205415, 7.0967503639890985]
 [3.877547385860413, 3.751565666678947]
 [-9.050022437473038, 23.332199018528602]
 [24.387158550279715, -8.639141178170828]
 [1.9296251685239372, 7.387460577829425]
 [3.5291694223379593, 1.175613737940622]
 [5.982785474093088, 8.847460398393046]]
    
[[3.106396574453899, 8.447617605708968]
 [4.329402217627273, 4.204289086116579]
 [1.8485267823552975, 3.410549477688516]
 [8.268300106735849, 5.9398813517020566]
 [6.7759595389192455, 7.892721396466025]
 [6.991133573318149, 7.8003080759688705]
 [4.988529241800816, 10.23538422268777]
 [3.2670495536037905, 4.067758352500176]
 [3.62818707832458, 6.004251504798987]
 [4.599138298519377, 5.0732414298147575]
 [4.540961545336242, 6.44040170091228]
 [6.3785237276115465, 7.190982845582968]
 [4.081808181187115, 3.5473048713522504]
 [8.950583702996145, 5.3315928780593715]
 [6.438838034762124, 9.309179337346807]
 [3.388968241442223, 5.928117504911141]
 [5.21151835630776, -0.5067351960291494]
 [8.470874290663618, 6.359371581822479]]
    
[[5.515860145843167, 6.038154034319712]
 [4.454585885497491, 4.079105418246353]
 [2.4305110349447885, 2.828565225099026]
 [6.950137399670353, 7.258044058767553]
 [6.736209803537978, 7.932471131847293]
 [7.88220219245229, 6.909239456834729]
 [5.535134161824528, 9.6887793026641]
 [2.822181159644237, 4.512626746459724]
 [4.071994459129628, 5.560444123993941]
 [4.934046175049056, 4.73833355328508]
 [5.882067748687796, 5.0992954975607345]
 [5.022325314312297, 8.547181258882219]
 [-3.7466111470104932, 11.375724199549868]
 [11.336427512825768, 2.9457490682297265]
 [6.546289428154114, 9.201727943954818]
 [7.7695070547562075, 1.5475786915971375]
 [-0.6846120613926084, 5.389395221671205]
 [9.424618650589363, 5.405627221896733]]
    
[[6.195253913730891, 5.358760266431987]
 [4.875316947662297, 3.658374356081557]
 [1.7604242200179818, 3.4986520400258176]
 [6.897328908788419, 7.3108525496494785]
 [7.176132426472097, 7.4925485089131945]
 [6.683540648467058, 8.107901000819963]
 [7.258124086177624, 7.96578937831098]
 [4.024496223901836, 3.3103116822021414]
 [4.373445213048468, 5.258993370075091]
 [6.160063065710769, 3.5123166626233697]
 [5.398900128596422, 5.582463117652103]
 [5.453580733096135, 8.11592584009838]
 [2.8836704289185398, 4.745442623620804]
 [2.8993440987475454, 11.382832482307965]
 [9.854689970388872, 5.893327401720059]
 [6.809726511333672, 2.507359235019707]
 [-3.53581480407811, 8.240597964356686]
 [8.411034548097698, 6.419211324388407]]
    
[[7.282296566917351, 4.271717613245521]
 [3.159128171766119, 5.374563131977727]
 [2.513793993286737, 2.745282266757071]
 [6.962624125056378, 7.24555733338154]
 [7.043943560269789, 7.62473737511548]
 [6.712689596932921, 8.078752052354098]
 [1.7156354066322073, 13.50827805785645]
 [4.873164294808435, 2.4616436112955298]
 [5.265968783732288, 4.366469799391279]
 [4.674706615280834, 4.997673113053303]
 [5.161860284903269, 5.819502961345274]
 [6.586718482260244, 6.982788090934271]
 [5.543463387535312, 2.085649665004049]
 [5.679273757169908, 8.60290282388562]
 [1.7958808876394645, 13.952136484469515]
 [12.611116870076891, -3.294031123723641]
 [-3.9326238276747048, 8.637406987953371]
 [8.85006428597427, 5.980181586511781]]
    
[[7.234159026284102, 4.319855153878774]
 [7.591102898833641, 0.9425884049102327]
 [-1.7081172942193092, 6.967193554263082]
 [6.54501126618456, 7.66317019225335]
 [8.411280284831737, 6.2574006505535475]
 [5.070986973774559, 9.720454675512448]
 [6.257766294698412, 8.966147169790176]
 [4.45503895921098, 2.8797689468929986]
 [4.057222259344553, 5.575216323779016]
 [4.598392938979423, 5.07398678935471]
 [6.112308276501255, 4.869054969747272]
 [5.888737140477823, 7.680769432716697]
 [5.092016659950012, 2.537096392589384]
 [3.0852976294022065, 11.196878951653302]
 [10.375211573530887, 5.372805798578097]
 [5.986627746931977, 3.3304579994213]
 [0.09584336714880713, 4.608939793129853]
 [7.5927789331002264, 7.237466939385862]]
    
[[3.7111997125763305, 7.842814467586537]
 [4.692572591873358, 3.841118711870497]
 [2.0409795114035, 3.218096748640307] [6.29264137652992, 7.91554008190799]
 [5.929605882621908, 8.739075052763358]
 [9.285422408525719, 5.50601924076131]
 [8.067663570877125, 7.156249893611472]
 [4.226286337810696, 3.108521568293282]
 [4.732517126753292, 4.899921456370259]
 [5.110303137481479, 4.5620765908526595]
 [5.80363974331977, 5.177723502928749]
 [5.110812866742199, 8.458693706452312]
 [-6.486326245170082, 14.11543929770946]
 [13.098391233373123, 1.1837853476823457]
 [3.4885771699867365, 12.259440202122185]
 [6.851110826181593, 2.4659749201718157]
 [1.1267743414719036, 3.5780088188066306]
 [3.5951883887379443, 11.2350574837482]]
    
[[3.842829678607992, 7.711184501554878]
 [3.9614503987015284, 4.5722409050423245]
 [2.3597247880507775, 2.8993514719930333]
 [7.134105783708169, 7.074075674729735]
 [7.199676472571707, 7.469004462813566]
 [6.991133573318149, 7.8003080759688705]
 [7.246127329112409, 7.977786135376218]
 [3.2746860158453694, 4.06012189025859]
 [4.948274441156542, 4.684164141967021]
 [4.376494355118576, 5.295885373215564]
 [8.4434603292279, 2.537902917020614]
 [3.561168001195013, 10.008338571999515]
 [-0.667552055908769, 8.296665108448133]
 [7.568045035834616, 6.714131545220932]
 [4.8951905634328945, 10.852826808676006]
 [7.94553624300913, 1.371549503344194]
 [-2.290738017155398, 6.995521177434046]
 [5.815750715216809, 9.01449515726927]]
    
[[5.170265682333294, 6.383748497829578]
 [3.308758935518217, 5.224932368225636]
 [2.4138072045734447, 2.8452690554703564]
 [6.71778886359589, 7.49039259484202]
 [7.199676472571707, 7.469004462813566]
 [6.991133573318149, 7.8003080759688705]
 [5.556136448993187, 9.667777015495396]
 [3.8405632739048188, 3.494244632199146]
 [4.442816503197766, 5.189622079925799]
 [1.8015042418007008, 7.87087548653341]
 [8.417044159287922, 2.5643190869606376]
 [6.3785237276115465, 7.190982845582968]
 [4.0369320293133875, 3.5921810232259905]
 [7.567120365046929, 6.715056216008643]
 [5.4662873098658755, 10.281730062243014]
 [4.36037822900326, 4.956707517350072]
 [1.474377336520116, 3.230405823758483]
 [12.763564220327597, 2.0666816521585685]]
    
[[2.79252601722008, 8.76148816294279]
 [10.876162416634854, -2.342471112890975]
 [-3.2574000494458524, 8.516476309489631]
 [7.639850021362617, 6.568331437075298]
 [5.741266992676021, 8.927413942709247]
 [6.991133573318149, 7.8003080759688705]
 [13.653365931234552, 1.5705475332540657]
 [4.512720174876921, 2.822087731227057]
 [5.903204336583653, 3.7292342465399173]
 [5.421896319963604, 4.2504834083705285]
 [7.340247453242502, 3.6411157930060227]
 [7.923185053114614, 5.646321520079906]
 [3.623397046699733, 4.0057160058396395]
 [10.914706255665104, 3.3674703253904275]
 [-0.49930133966292556, 16.247318711771815]
 [1.0361723881505538, 8.280913358202806]
 [5.49877925956236, -0.7939960992837397]
 [-1.032082836811603, 15.862328709297692]]
    
[[5.807905397840527, 5.746108782322345]
 [5.650174233332247, 2.883517070411614]
 [3.64532182729558, 1.6137544327482412]
 [7.098350969576221, 7.109830488861696]
 [4.4965683431712495, 10.172112592213994]
 [6.712689596932921, 8.078752052354098]
 [4.490138410354513, 10.733775054134071]
 [1.714454903969626, 5.620353002134327]
 [3.149348353057327, 6.483090230066228]
 [3.5565884644870778, 6.115791263847057]
 [8.211475566536265, 2.7698876797122804]
 [5.947228135481143, 7.622278437713375]
 [3.9564367677479786, 3.672676284791387]
 [2.1651954543917684, 12.11698112666375]
 [8.172186468658102, 7.575830903450791]
 [17.50622850190673, -8.189142755553277]
 [-19.70954703186255, 24.414330192140984]
 [28.93588207620883, -14.105636203722563]]
    
[[2.849203038899365, 8.704811141263507]
 [3.7562124677736284, 4.777478835970209]
 [1.0698492174016407, 4.189227042642156]
 [9.46491689584012, 4.743264562597808]
 [7.199676472571707, 7.469004462813566]
 [6.991133573318149, 7.8003080759688705]
 [9.44793528340623, 5.775978181082397]
 [3.087649340349229, 4.24715856575473]
 [4.69765956888658, 4.934779014236984]
 [3.3282045907233058, 6.34417513761082]
 [6.451534500376416, 4.52982874587211]
 [6.3785237276115465, 7.190982845582968]
 [3.077220812680133, 4.5518922398592645]
 [5.41640162130975, 8.865774959745721]
 [15.856516631257536, -0.10849925914858181]
 [-1.4365587368902697, 10.753644483243603]
 [5.930119218756239, -1.225336058477634]
 [1.360141240919311, 13.470104631566786]]
    
[[2.5375303427726306, 9.016483837390256]
 [4.728153105185175, 3.8055381985586814]
 [1.9601918134350835, 3.2988844466087226]
 [7.14721026001144, 7.060971198426471]
 [6.87519882939576, 7.7934821059895105]
 [6.5721642193263685, 8.219277429960652]
 [8.788161248335664, 6.435752216152944]
 [8.095588912929205, -0.7607810068252602]
 [-0.28145152241380567, 9.913890105537389]
 [4.983329233637307, 4.689050494696827]
 [6.825838636213308, 4.155524610035212]
 [6.6100255299461885, 6.959481043248328]
 [2.1275179277610414, 5.501595124778292]
 [6.573746928490253, 7.708429652565286]
 [-5.3343895195619035, 21.08240689167085]
 [15.536874016781955, -6.219788270428608]
 [3.501640701919446, 1.2031424583591124]
 [2.5964584670635893, 12.23378740542255]]
    
[[5.839873459132131, 5.714140721030747]
 [5.557899559166923, 2.9757917445769317]
 [1.8387499923753703, 3.4203262676684374]
 [7.127696483930934, 7.080484974506973]
 [6.500831468122117, 8.167849467263155]
 [6.991133573318149, 7.8003080759688705]
 [5.275578423687922, 9.948335040800686]
 [2.6499757419551244, 4.684832164148842]
 [5.002624389406925, 4.629814193716649]
 [4.217247177729457, 5.455132550604672]
 [4.466552848543859, 6.514810397704677]
 [8.841181180916811, 4.72832539227769]
 [5.7716085527752, 1.8575044997641417]
 [4.59990573437501, 9.682270846680549]
 [9.355505129290014, 6.392512242818882]
 [6.4632615152627775, 2.853824231090594]
 [-1.320135606658704, 6.024918766937276]
 [11.929427617078899, 2.900818255407214]]
    
[[6.584790272259223, 4.969223907903646]
 [4.629183116792235, 3.9045081869516274]
 [1.8036946825144298, 3.4553815775293777]
 [6.910423760224805, 7.297757698213102]
 [8.155848028803096, 6.512832906582183]
 [5.327715850014162, 9.463725799272847]
 [6.506806115692497, 8.71710734879612]
 [4.558480057128079, 2.776327848975888]
 [5.107082091741047, 4.52535649138252]
 [4.778472578137826, 4.893907150196302]
 [6.396318197525327, 4.58504504872319]
 [6.306857716243383, 7.262648856951139]
 [1.9785615277651798, 5.650551524774179]
 [7.650279958285006, 6.631896622770553]
 [7.498110444503539, 8.24990692760536]
 [2.259110087430656, 7.057975658922699]
 [2.0912676222993247, 2.6135155379792887]
 [6.368369688657046, 8.46187618382907]]
    
[[8.52878443070873, 3.025229749454095]
 [9.519849544122755, -0.9861582403789874]
 [7.768094645651548, -2.5090183856078205]
 [-6.477412448753148, 20.685593907191247]
 [7.346447867118291, 7.322233068266979]
 [6.820592689660771, 7.970848959626248]
 [9.062398584379457, 6.161514880109135]
 [3.3885834267903654, 3.9462244793136154]
 [6.70403151745755, 2.9284070656659793]
 [2.3515100610575073, 7.32086966727667]
 [3.3018627059447763, 7.6795005403037875]
 [5.9192094498656225, 7.650297123328896]
 [4.294740116855163, 3.334372935684206]
 [10.915646624238276, 3.3665299568172196]
 [2.3747930695283865, 13.373224302580581]
 [6.139723768112925, 3.1773619782403912]
 [1.0656227773675524, 3.639160382911064]
 [14.326759421499112, 0.5034864509868744]]
    
[[5.333238191731806, 6.220775988431063]
 [5.389395761962684, 3.144295541781165]
 [1.8770143713816436, 3.382061888662156]
 [7.024148841451645, 7.184032616986277]
 [6.796006205684763, 7.872674729700505]
 [6.991133573318149, 7.8003080759688705]
 [1.8479243657400666, 13.37598909874857]
 [3.1865156976722377, 4.148292208431729]
 [3.362867712972316, 6.269570870151253]
 [2.9784663046392046, 6.693913423694932]
 [3.771045561074645, 7.2103176851738935]
 [6.214259172303118, 7.355247400891393]
 [4.845810671457925, 2.7833023810814055]
 [3.9922904685484943, 10.289886112507064]
 [13.626018303420791, 2.1219990686880723]
 [6.851634132865404, 2.4654516134879683]
 [-2.0061441827625885, 6.710927343041197]
 [16.374845839992222, -1.5445999675061541]]
    
[[4.763718367363888, 6.790295812798971]
 [4.231852670213116, 4.301838633530715]
 [1.8871729460419444, 3.3719033140019015]
 [7.065294886203218, 7.142886572234689]
 [7.450974019273178, 7.217706916112095]
 [6.55396014948867, 8.23748149979835]
 [9.056225567816913, 6.167687896671706]
 [4.325094852319735, 3.0097130537842416]
 [3.992975213129423, 5.639463369994122]
 [4.714266823098817, 4.958112905235326]
 [5.484756359771142, 5.496606886477386]
 [6.799042200777926, 6.770464372416586]
 [4.125787361688164, 3.503325690851181]
 [6.181569916294841, 8.100606664760708]
 [5.354706418089035, 10.393310954019778]
 [6.442500640290525, 2.8745851060629413]
 [1.0899973280721549, 3.6147858322064015]
 [7.331747015322059, 7.4984988571640505]]
    
[[3.4084095419521163, 8.145604638210768]
 [5.09394341927021, 3.4397478844736584]
 [2.0758075589360323, 3.1832687011077607]
 [7.345717058616174, 6.862464399821745]
 [6.394617211648639, 8.274063723736612]
 [6.991133573318149, 7.8003080759688705]
 [9.080269479330653, 6.143643985157957]
 [3.103881229069006, 4.230926677034957]
 [5.764058968249553, 3.868379614874022]
 [3.1777318442137146, 6.494647884120413]
 [5.895938680134564, 5.085424566113968]
 [5.874925905409294, 7.694580667785224]
 [1.4549150705136686, 6.1741979820256985]
 [10.05300262224168, 4.229173958813839]
 [1.9644498336236753, 13.783567538485254]
 [6.4111369946163785, 2.905948751736978]
 [3.0006547913709647, 1.7041283689076612]
 [6.670483210411464, 8.15976266207462]]
    
[[5.098559168826714, 6.455455011336164]
 [4.1976981839793455, 4.33599311976451]
 [1.8437958814426716, 3.415280378601135]
 [7.215508525779507, 6.992672932658405]
 [6.648193063613148, 8.020487871772119]
 [6.712689596932921, 8.078752052354098]
 [6.859683217374308, 8.364230247114302]
 [3.374375328237108, 3.9604325778668565]
 [5.03515847876692, 4.597280104356653]
 [3.6145454440333227, 6.057834284300805]
 [6.724735400343235, 4.256627845905294]
 [5.947228135481143, 7.622278437713375]
 [2.942957196368308, 4.686155856171037]
 [7.41640395445929, 6.865772626596273]
 [4.524649479646914, 11.223367892461969]
 [5.72500218192126, 3.592083564432115]
 [4.063594708366378, 0.6411884519122216]
 [5.03887592620007, 9.791369946286025]]
    
[[5.355544035389499, 6.198470144773384]
 [3.3188440752852792, 5.214847228458565]
 [1.8954614397094633, 3.3636148203343423]
 [7.779365560115554, 6.428815898322357]
 [6.853198301769602, 7.8154826336156695]
 [6.636978062056944, 8.154463587230074]
 [6.946038071730656, 8.277875392757982]
 [4.88507142130991, 2.4497364847940633]
 [5.165009668393772, 4.4674289147298]
 [4.295921006448397, 5.37645872188572]
 [6.101664848318142, 4.879698397930389]
 [5.937049822537295, 7.632456750657224]
 [3.7999554860263154, 3.829157566513011]
 [3.288155407067848, 10.99402117398772]
 [6.277655698857342, 9.470361673251528]
 [5.767746407153817, 3.5493393391995425]
 [1.820771465040404, 2.884011695238233]
 [6.616553048585006, 8.213692823901077]]
    
[[5.923058062138031, 5.6309561180248195]
 [4.41039224893916, 4.123299054804696]
 [2.2283504060371406, 3.030725854006667]
 [6.965472155628772, 7.242709302809137]
 [6.763848560596631, 7.904832374788636]
 [6.991133573318149, 7.8003080759688705]
 [6.942387540150092, 8.281525924338528]
 [5.178391532989899, 2.1564163731140735]
 [4.001543356437696, 5.630895226685867]
 [4.663637583507244, 5.008742144826897]
 [5.812225980170311, 5.169137266078216]
 [5.874925905409294, 7.694580667785224]
 [2.69035935433008, 4.938753698209276]
 [6.1170664392506655, 8.165110141804856]
 [1.6549042520049562, 14.093113120103919]
 [12.50803829327678, -3.190952546923378]
 [-1.5738895937228172, 6.278672754001402]
 [7.635407553007766, 7.1948383194783325]]
    
[[3.1259957154391373, 8.428018464723731]
 [4.405569569724109, 4.128121734019749]
 [2.3464507408838178, 2.9126255191599966]
 [7.154446742886394, 7.053734715551526]
 [4.998744741825404, 9.669936193559838]
 [9.28808303807042, 5.503358611216602]
 [9.023736006665759, 6.200177457822854]
 [3.1029208398185943, 4.231887066285384]
 [4.863792719166601, 4.768645863956973]
 [4.976126719438117, 4.696253008896031]
 [5.7088198190541055, 5.27254342719444]
 [5.10934273407241, 8.460163839122101]
 [5.108006072751131, 2.521106979788232]
 [2.623341197599022, 11.658835383456479]
 [9.215697611808142, 6.532319760300783]
 [2.958377275040211, 6.358708471313139]
 [4.7597739606150755, -0.054990800336468665]
 [3.5183463226482528, 11.311899549837797]]
    
[[5.501234985483931, 6.052779194678947]
 [3.0460229189504986, 5.487668384793352]
 [2.3145421964522357, 2.944534063591563]
 [7.476871637333527, 6.731309821104397]
 [6.7259126648265, 7.942768270558765]
 [6.820592689660771, 7.970848959626248]
 [7.160667301284944, 8.06324616320366]
 [5.265687481387352, 2.0691204247166297]
 [3.3993282194769443, 6.233110363646598]
 [4.9394610066173525, 4.732918721716793]
 [6.066235040080542, 4.915128206167995]
 [5.9192094498656225, 7.650297123328896]
 [2.2545596754193413, 5.374553377119995]
 [2.5501851960674062, 11.731991384988158]
 [11.520217126067203, 4.227800246041661]
 [3.112099295290482, 6.204986451062907]
 [1.9543954993062191, 2.7503876609723767]
 [6.590481148500625, 8.239764723985456]]
    
[[3.9204327332226447, 7.633581446940238]
 [4.6248465568993025, 3.9088447468445495]
 [2.18672013616699, 3.072356123876809]
 [6.9506000000862596, 7.2575814583516545]
 [7.05299722204798, 7.615683713337291]
 [6.712689596932921, 8.078752052354098]
 [8.545488073051251, 6.678425391437372]
 [3.8418627359279904, 3.492945170175975]
 [4.332948320900189, 5.299490262223376]
 [3.3345431272707025, 6.337836601063427]
 [5.015121574529965, 5.966241671718561]
 [5.947228135481143, 7.622278437713375]
 [4.178523769067699, 3.4505892834716896]
 [4.298734801850426, 9.983441779205078]
 [8.985656909122795, 6.762360462986115]
 [3.5752931558569734, 5.741792590496373]
 [2.914830817730278, 1.7899523425483428]
 [9.255064147036789, 5.575181725449313]]
    
[[5.8001736494239555, 5.753840530738906]
 [4.499402933168713, 4.03428837057514]
 [2.3002537814100124, 2.958822478633798]
 [7.020132240904068, 7.18804921753384]
 [8.206699097197609, 6.461981838187667]
 [5.25084170441521, 9.540599944871806]
 [7.923289756331172, 7.300623708157433]
 [2.6598246157033705, 4.674983290400593]
 [4.940946908391664, 4.691491674731909]
 [4.397972749179275, 5.274406979154859]
 [6.693494879251192, 4.287868366997332]
 [6.3268192619511705, 7.2426873112433485]
 [5.221384465955334, 2.407728586584043]
 [7.152926628828208, 7.129249952227334]
 [4.5898205537164785, 11.158196818392431]
 [6.895640811443702, 2.421444934909644]
 [2.6734930522303886, 2.0312901080482155]
 [5.7413979953739025, 9.088847877112197]]
    
[[4.013345484602911, 7.5406686955599636]
 [3.975648890868389, 4.5580424128754675]
 [2.3604173708896954, 2.8986588891541136]
 [7.484938258832328, 6.7232431996055695]
 [7.2977073759601, 7.370973559425175]
 [6.820592689660771, 7.970848959626248]
 [8.064432271343183, 7.159481193145406]
 [3.014033038955261, 4.320774867148701]
 [5.7468488455469675, 3.8855897375766166]
 [2.6887372148381594, 6.983642513495964]
 [5.268545700396384, 5.71281754585215]
 [6.472756209205415, 7.0967503639890985]
 [4.73430501851989, 2.8948080340194378]
 [4.031876761196476, 10.25029981985913]
 [13.927537349367302, 1.8204800227416238]
 [1.3966833387051034, 7.920402407648228]
 [2.6915600505529533, 2.0132231097256432]
 [7.602086176960556, 7.228159695525529]]
    
[[4.066534661345198, 7.487479518817669]
 [4.510661558827787, 4.0230297449160615]
 [2.007847424200074, 3.2512288358437402]
 [6.387317486916587, 7.820863971521321]
 [7.948281616213169, 6.720399319172104]
 [6.5721642193263685, 8.219277429960652]
 [9.501503529044577, 5.722409935444039]
 [3.002802809681043, 4.33200509642292]
 [5.3969278072091225, 4.2355107759144355]
 [2.841633377398224, 6.8307463509359145]
 [6.335402469612168, 4.645960776636354]
 [6.6100255299461885, 6.959481043248328]
 [3.008983436423457, 4.62012961611589]
 [8.820689984641325, 5.461486596414203]
 [4.829910620585767, 10.91810675152313]
 [3.278089661174821, 6.038996085178573]
 [7.514398853950772, -2.809615693672184]
 [4.118684037015661, 10.711561835470441]]
    
[[3.9343834978932537, 7.619630682269632]
 [4.538639817878824, 3.995051485865027]
 [2.386625778147777, 2.8724504818960273]
 [5.160653977613508, 9.04752748082438]
 [8.871907789134816, 5.796773146250468]
 [6.5721642193263685, 8.219277429960652]
 [8.651344348418055, 6.57256911607057]
 [3.167058112151405, 4.167749793952563]
 [4.61586485229676, 5.016573730826812]
 [4.188795405249993, 5.483584323084147]
 [5.222824178448178, 5.758539067800344]
 [6.6100255299461885, 6.959481043248328]
 [2.5106780013239365, 5.118435051215446]
 [7.145080307619685, 7.137096273435827]
 [8.7825869441704, 6.965430427938514]
 [1.419924422907398, 7.897161323445916]
 [1.9336615623175186, 2.771121597961117]
 [7.749020380802449, 7.08122549168361]]
    
[[5.391420659236491, 6.16259352092638]
 [4.430439757437883, 4.103251546305969]
 [2.816966693550338, 2.4421095664934693]
 [6.30007912504526, 7.908102333392656]
 [6.945639098522296, 7.7230418368629765]
 [6.820592689660771, 7.970848959626248]
 [7.795550150665384, 7.428363313823236]
 [4.61503481755711, 2.719773088546854]
 [3.1971210348900576, 6.435317548233502]
 [4.964458204147289, 4.707921524186843]
 [5.4561406891604545, 5.525222557088079]
 [6.938525577310609, 6.6309809958838954]
 [0.9821032089680044, 6.647009843571338]
 [7.047682350290328, 7.234494230765223]
 [4.708910133585723, 11.039107238523153]
 [7.1983459709532225, 2.118739775400171]
 [2.6430367271438233, 2.061746433134774]
 [6.997959811629789, 7.8322860608563]]
    
[[3.3972549331465984, 8.156759247016272]
 [4.626271005351569, 3.9074202983922874]
 [1.9433611503031283, 3.315715109740677]
 [6.16068545267443, 8.047496005763477]
 [7.218231934190555, 7.450449001194725]
 [7.305919765234127, 7.485521884052886]
 [7.572521247991274, 7.651392216497343]
 [4.775421374777788, 2.559386531326171]
 [4.4332286745960925, 5.19920990852748]
 [5.021441265926649, 4.650938462407469]
 [5.8672441825157735, 5.114119063732757]
 [5.79318686416007, 7.776319709034449]
 [0.6575191873741915, 6.971593865165157]
 [7.566435070450501, 6.715741510605059]
 [-3.860799808683475, 19.608817180792354]
 [13.764078418869206, -4.446992672515835]
 [1.1570111390461497, 3.5477720212324795]
 [5.309787714234793, 9.520458158251305]]
    
[[5.764973171157797, 5.78904100900509]
 [4.7029065621479855, 3.830784741595856]
 [3.027464797362348, 2.231611462681469]
 [5.104005796225191, 9.104175662212702]
 [8.26823183786452, 6.400449097520761]
 [6.634030678378625, 8.157410970908394]
 [11.775315988105282, 3.4485974763833096]
 [3.7815276266395896, 3.553280279464376]
 [3.0395145269760477, 6.592924056147515]
 [5.104052419250999, 4.568327309083131]
 [4.588290684685836, 6.393072561562687]
 [5.9676531247387565, 7.6018534484557625]
 [1.1005392679171193, 6.5285737846222665]
 [8.744530623622486, 5.537645957433036]
 [12.199704689527312, 3.5483126825815723]
 [0.2860158105322778, 9.03106993582113]
 [-1.5039437187740508, 6.20872687905266]
 [9.963564181703779, 4.866681690782318]]
    
[[5.7140357902181, 5.839978389944768]
 [3.854066988545467, 4.679624315198398]
 [2.600517740501267, 2.6585585195425274]
 [7.275354628109879, 6.932826830328019]
 [6.976265420100195, 7.692415515285087]
 [6.991133573318149, 7.8003080759688705]
 [6.232807432618042, 8.991106031870592]
 [4.519059561813285, 2.8157483442906885]
 [4.292147374306261, 5.340291208817292]
 [7.183487010728758, 2.488892717605368]
 [2.724570150367476, 8.256793095881083]
 [4.10680663180208, 9.462699941392453]
 [6.143499414687182, 1.4856136378521252]
 [10.196487545132749, 4.085689035922754]
 [16.027589983811602, -0.2795726117027687]
 [-14.11966910695862, 23.436754853312134]
 [4.038504349030836, 0.6662788112477458]
 [13.319571290689385, 1.510674581796645]]
    
[[6.136795505311653, 5.417218674851235]
 [2.9229057005260817, 5.610785603217766]
 [7.782889446635882, -2.523813186592077]
 [2.6434347611570566, 11.564746697280851]
 [8.271276084421908, 6.397404850963359]
 [5.211701860762088, 9.579739788524936]
 [5.830434705438976, 9.393478759049641]
 [4.644326615905606, 2.690481290198354]
 [6.638930216830729, 2.993508366292835]
 [-0.2060946025435489, 9.878474330877694]
 [6.5544406804150315, 4.426922565833496]
 [6.33698251998793, 7.232524053206589]
 [4.026012345532, 3.6031007070073513]
 [8.470153386820327, 5.812023194235226]
 [5.53142057886122, 10.216596793247684]
 [8.922476291006962, 0.39460945534638786]
 [-2.840452083253641, 7.54523524353225]
 [10.982025698052663, 3.8482201744334263]]
    
[[6.220108433942883, 5.333905746219999]
 [2.1687366908088057, 6.364954612935048]
 [4.735968844323534, 0.5231074157202661]
 [6.479188510942581, 7.7289929474953265]
 [7.206338477448664, 7.46234245793661]
 [6.991133573318149, 7.8003080759688705]
 [7.041626750446602, 8.182286714042018]
 [2.745598727045843, 4.589209179058102]
 [5.271963235118065, 4.360475348005517]
 [3.4152043880580534, 6.257175340276053]
 [6.057510980669375, 4.923852265579152]
 [5.907902335449553, 7.661604237744962]
 [4.835532599681519, 2.7935804528578387]
 [5.4131909048027556, 8.868985676252791]
 [9.991981466209783, 5.756035905899144]
 [4.001346827920302, 5.315738918433067]
 [1.923096374529634, 2.7816867857489584]
 [6.546473936159582, 8.283771936326525]]
    
[[6.606573488732212, 4.94744069143065]
 [5.335917544714234, 3.1977737590296176]
 [1.971524662877541, 3.2875515971662623]
 [6.812170629293794, 7.396010829144125]
 [7.572337388731185, 7.0963435466540945]
 [6.342828602643653, 8.448613046643354]
 [6.57778004122057, 8.646133423268028]
 [1.4924059908997278, 5.84240191520425]
 [5.832688146707786, 3.799750436415773]
 [5.072467064275887, 4.599912664058233]
 [2.767739247780548, 8.213623998467991]
 [7.081461347598613, 6.48804522559592]
 [-0.9498585308792981, 8.578971583418657]
 [5.823301393528425, 8.458875187527143]
 [8.01659060531336, 7.731426766795541]
 [10.850342822837709, -1.533257076484382]
 [-10.731612363613547, 15.436395523892262]
 [18.288220320497572, -3.4579744480115404]]
    
[[6.245453791185416, 5.308560388977461]
 [3.7723697189041165, 4.76132158483974]
 [1.9047145867371837, 3.3543616733066415]
 [7.975522163599374, 6.232659294838508]
 [7.199676472571707, 7.469004462813566]
 [6.991133573318149, 7.8003080759688705]
 [8.238015453460337, 6.985898011028287]
 [2.685642237356478, 4.649165668747493]
 [4.924342433748656, 4.708096149374919]
 [4.491343075906094, 5.181036652428048]
 [5.829966787324043, 5.15139645892448]
 [5.544350404979742, 8.025156168214783]
 [-0.6029220610240572, 8.232035113563414]
 [8.907084989915187, 5.375091591140356]
 [6.375644595947515, 9.372372776161386]
 [5.667621933394779, 3.649463812958545]
 [-0.8106678457075391, 5.51545100598616]
 [7.913626505294377, 6.916619367191688]]
    
[[6.160589956929811, 5.393424223233063]
 [4.778405480151375, 3.7552858235924846]
 [2.2103338374194283, 3.0487424226243642]
 [6.494629769711225, 7.713551688726691]
 [6.701688875689904, 7.966992059695365]
 [7.0657812478322946, 7.725660401454728]
 [7.556128049237653, 7.667785415250974]
 [4.7003175616382515, 2.6344903444657013]
 [4.3506215412774765, 5.281817041846119]
 [4.827525029112346, 4.844854699221767]
 [5.671731500285844, 5.30963174596268]
 [6.337277104140243, 7.2322294690542686]
 [5.07659289691085, 2.552520155628486]
 [6.704006898087689, 7.578169682967848]
 [4.76075469762363, 10.987262674485267]
 [5.054973620478696, 4.262112125874716]
 [4.791507484462071, -0.08672432418354553]
 [4.893917443135876, 9.936328429350231]]
    
[[5.86615219967203, 5.687861980490831]
 [4.338308676781279, 4.195382626962569]
 [1.5830867820894028, 3.6759894779543956]
 [6.803556641238681, 7.404624817199235]
 [7.531428284930313, 7.137252650454962]
 [6.991133573318149, 7.8003080759688705]
 [6.362416618462556, 8.86149684602607]
 [3.206276012714302, 4.128531893389666]
 [3.872769077406662, 5.759669505716907]
 [4.498598494290848, 5.173781234043296]
 [5.326655852092816, 5.654707394155719]
 [6.3785237276115465, 7.190982845582968]
 [1.7456969223704035, 5.883416130168911]
 [6.184104904656276, 8.098071676399273]
 [4.5678916222118096, 11.180125749897059]
 [9.412996136710355, -0.09591039035694715]
 [0.7613569473176152, 3.943426212960963]
 [7.868533206211579, 6.96171266627449]]
    
[[4.330316029544968, 7.223698150617907]
 [4.197532735403123, 4.33615856834073]
 [2.500919032472993, 2.75815722757081]
 [6.582067690043802, 7.626113768394107]
 [6.745768031235211, 7.922912904150061]
 [7.780781980192219, 7.010659669094803]
 [6.661979844225168, 8.561933620263446]
 [4.464453175805449, 2.8703547302985193]
 [4.057645353994248, 5.574793229129316]
 [5.199497351503865, 4.472882376830266]
 [5.132034755629098, 5.849328490619431]
 [5.669881639302818, 7.899624933891698]
 [3.282900699212981, 4.346212353326357]
 [7.341314178582731, 6.940862402472802]
 [-0.17704029982294636, 15.925057671931862]
 [8.454619227915913, 0.8624665184374477]
 [3.3412492966417195, 1.3635338636368703]
 [7.040913452003584, 7.789332420482515]]
    
[[6.279226953703537, 5.274787226459336]
 [4.114575649724151, 4.419115654019704]
 [2.2694497357843653, 2.989626524259439]
 [6.978643476264847, 7.22953798217306]
 [7.199676472571707, 7.469004462813566]
 [6.991133573318149, 7.8003080759688705]
 [4.101458900866448, 11.122454563622147]
 [4.225909324302159, 3.1088985818018156]
 [6.5600103140880455, 3.072428269035505]
 [0.5698968381718703, 9.102482890162312]
 [6.019573626283536, 4.961789619964984]
 [5.874925905409294, 7.694580667785224]
 [-11.556686133643442, 19.18579918618277]
 [20.65183099039351, -6.369654409338003]
 [5.543639960912464, 10.20437741119642]
 [8.598595440537048, 0.7184903058163452]
 [-0.7635454498453971, 5.46832861012397]
 [4.243123538090344, 10.587122334395776]]
    
[[7.887336027624405, 3.6666781525384766]
 [-6.5423178794279675, 15.07600918317189]
 [12.891644727092688, -7.632568467048955]
 [6.7471006543461725, 7.4610808040917345]
 [7.2977073759601, 7.370973559425175]
 [6.820592689660771, 7.970848959626248]
 [6.871223500865721, 8.352689963622893]
 [1.1116160170638678, 6.223191889040125]
 [0.34211661519253067, 9.290321967931039]
 [4.817387986856097, 4.854991741478037]
 [5.7357037640097985, 5.245659482238726]
 [5.9192094498656225, 7.650297123328896]
 [-1.6982978014099614, 9.327410853949326]
 [2.279665664625353, 12.002510916430204]
 [-10.652782817067388, 26.400800189176366]
 [38.23686844658186, -28.919782700228637]
 [0.9564025737793878, 3.7483805864992283]
 [6.590481148500625, 8.239764723985456]]
    
[[6.122303459263856, 5.4317107208990185]
 [-3.2667634821316187, 11.800454785875493]
 [8.44268982561155, -3.1836135655677635]
 [6.489481269534611, 7.718700188903299]
 [7.346447867118291, 7.322233068266979]
 [6.820592689660771, 7.970848959626248]
 [6.945190678354158, 8.278722786134464]
 [3.4839860698623, 3.850821836241675]
 [2.4102092172247556, 7.222229365898797]
 [5.15386034863664, 4.518519379697491]
 [4.850539007093824, 6.130824239154713]
 [6.472756209205415, 7.0967503639890985]
 [-1.4558457120281751, 9.084958764567542]
 [8.025934621801742, 6.256241959253771]
 [8.0937221354365, 7.654295236672421] [8.2385869707923, 1.07849877556105]
 [-0.6775141685961406, 5.382297328874757]
 [8.965846610960458, 5.8643992615256195]]
    
[[3.493262985896164, 8.060751194266713]
 [5.869630614656047, 2.664060689087806]
 [2.7864547472949353, 2.4726215127488764]
 [6.597100864322658, 7.611080594115248]
 [6.5862137515243475, 8.082467183860944]
 [7.941146186210101, 6.850295463076901]
 [5.230216223063829, 9.993697241424787]
 [3.3750480218468635, 3.959759884257096]
 [4.704502070090656, 4.927936513032901]
 [2.504336153271718, 7.168043575062418]
 [5.52507092606668, 5.456292320181846]
 [5.853593610337521, 7.715912962857002]
 [2.2302882942633326, 5.398824758276026]
 [5.9455088576086474, 8.336667723446903]
 [6.036847643615118, 9.711169728493784]
 [8.428247983527628, 0.8888377628257297]
 [-5.106875806218794, 9.811658966497431]
 [16.05513670978302, -1.224890837296956]]
    
[[4.989814956745735, 6.564199223417128]
 [3.126086145811438, 5.407605157932416]
 [3.5761655473713905, 1.6829107126724117]
 [7.414291949720116, 6.793889508717792]
 [6.75651046649337, 7.9121704688919]
 [6.991133573318149, 7.8003080759688705]
 [5.242230158171655, 9.981683306316954]
 [5.337230462904214, 1.9975774431997555]
 [4.5757771002585645, 5.056661482865003]
 [3.460431362782333, 6.2119483655518035]
 [5.848024759454163, 5.133338486794357]
 [5.874925905409294, 7.694580667785224]
 [6.276450203546871, 1.3526628489924954]
 [5.283353024950984, 8.998823556104556]
 [7.726215936265695, 8.021801435843214]
 [4.279809565529176, 5.037276180824164]
 [0.4352440834179614, 4.269539076860657]
 [10.680612744989718, 4.149633127496372]]
    
[[5.891257568032105, 5.662756612130762]
 [4.26973413235284, 4.26395717139101]
 [2.9110678840447157, 2.3480083759990924]
 [6.1910197053985225, 8.017161753039387]
 [7.408473097852782, 7.260207837532491]
 [6.712689596932921, 8.078752052354098]
 [8.878276596479298, 6.345636868009325]
 [1.595955464212536, 5.738852441891417]
 [4.698301886195251, 4.934136696928319]
 [4.063926865070532, 5.608452863263596]
 [4.397130114379987, 6.584233131868543]
 [9.405379564404344, 4.16412700879017]
 [4.5788005345568665, 3.050312517982489]
 [1.2781786350418647, 13.003997946013655]
 [13.546681631903114, 2.201335740205806]
 [5.914210197546415, 3.4028755488069633]
 [0.4759166271922597, 4.228866533086329]
 [10.861243631331208, 3.9690022411548975]]
    
[[6.268920528259095, 5.285093651903774]
 [5.0650182889751365, 3.4686730147687164]
 [1.247137067957113, 4.011939192086708]
 [7.39271600132895, 6.815465457108944]
 [6.803632876852953, 7.865048058532319]
 [6.634030678378625, 8.157410970908394]
 [8.778804090986629, 6.445109373501981]
 [3.0187566065686626, 4.316051299535306]
 [5.286465380158229, 4.345973202965346]
 [4.1742339394943535, 5.498145788839759]
 [6.38214870178402, 4.599214544464522]
 [5.9676531247387565, 7.6018534484557625]
 [1.9964759016056233, 5.632637150933741]
 [6.831129979539223, 7.4510466015163255]
 [4.9790660352890885, 10.768951336819798]
 [5.859653793544977, 3.457431952808387]
 [1.7277237668721181, 2.9770593934065133]
 [6.502963450358576, 8.327282422127505]]
    
[[4.685938952968274, 6.8680752271945815]
 [5.394323653254192, 3.1393676504896466]
 [0.8100756779373537, 4.449000582106468]
 [6.631445349251765, 7.57673610918614]
 [7.7011078445333645, 6.967573090851911]
 [6.820592689660771, 7.970848959626248]
 [9.941306762171042, 5.28260670231756]
 [4.525539420083438, 2.809268486020528]
 [5.02775697196163, 4.604681611161937]
 [5.055506864501311, 4.61687286383283]
 [5.294549157298472, 5.686814088950051]
 [5.302311003190365, 8.267195570004148]
 [-2.4877446571228212, 10.116857709662177]
 [3.978720141980307, 10.303456439075244]
 [5.673957174059411, 10.074060198049494]
 [10.715571863066137, -1.3984861167127827]
 [-6.812721677739271, 11.517504838017869]
 [8.9103541173429, 5.9198917551432]]
    
[[6.160329535170109, 5.393684644992772]
 [3.642378781100006, 4.891312522643845]
 [2.369006577776154, 2.8900696822676517]
 [7.800690128394623, 6.407491330043285]
 [6.50008196309588, 8.168598972289388]
 [6.5721642193263685, 8.219277429960652]
 [6.077331395769593, 9.14658206871902]
 [3.460174178146253, 3.874633727957705]
 [4.180315306742182, 5.452123276381388]
 [5.5520189859393865, 4.120360742394747]
 [5.7605681817901875, 5.220795064458342]
 [6.6100255299461885, 6.959481043248328]
 [3.085355770261631, 4.543757282277709]
 [2.6481776485373194, 11.633998932518217]
 [4.921759559251705, 10.826257812857211]
 [10.363386063437858, -1.0463003170844971]
 [1.6108557694597316, 3.093927390818868]
 [4.900457414449872, 9.929788458036219]]
    
[[6.974870282099904, 4.579143898062973]
 [2.9743511413715584, 5.559340162372294]
 [2.064183004722432, 3.19489325532137]
 [7.906776189205821, 6.301405269232088]
 [6.500831468122117, 8.167849467263155]
 [6.991133573318149, 7.8003080759688705]
 [7.815898782017828, 7.408014682470781]
 [3.4591043490936526, 3.8757035570103184]
 [3.696833226074597, 5.935605357048959]
 [4.276469217209763, 5.395910511124374]
 [5.818941752177169, 5.162421494071355]
 [5.874925905409294, 7.694580667785224]
 [4.373158738616296, 3.255954313923052]
 [2.8600921715861807, 11.422084409469441]
 [10.555785039428464, 5.19223233268039]
 [6.547421479009299, 2.7696642673440466]
 [-0.39993043322062216, 5.104713593499248]
 [9.481308824623342, 5.348937047862735]]
    
[[4.072957465288886, 7.481056714873981]
 [4.297607596278788, 4.23608370746506]
 [3.877739732738168, 1.3813365273056424]
 [0.46224131817721353, 13.745940140260688]
 [12.085764046218166, 2.5829168891671177]
 [6.712689596932921, 8.078752052354098]
 [5.787264313419648, 9.436649151068952]
 [0.5564075900779959, 6.778400316025969]
 [12.405469350739384, -2.773030767615813]
 [2.851716711202257, 6.820663017131881]
 [4.678313361702352, 6.303049884546172]
 [5.947228135481143, 7.622278437713375]
 [5.724270776103361, 1.9048422764360133]
 [8.233347866697493, 6.048828714358061]
 [-1.2480373877865611, 16.996054759895465]
 [6.950365879399645, 2.3667198669537037]
 [2.1042503232422582, 2.60053283703635]
 [9.929533443421462, 4.900712429064628]]
    
[[5.228665665389496, 6.325348514773378]
 [4.039686839794169, 4.494004463949673]
 [2.458972935902652, 2.8001033241411615]
 [7.151977227687937, 7.056204230749967]
 [7.259446065399281, 7.409234869985991]
 [6.887154533807806, 7.9042871154792165]
 [6.5381717178185665, 8.685741746670034]
 [4.321109132088546, 3.013698774015427]
 [2.1889306752362354, 7.443507907887323]
 [1.3870186467230268, 8.28536108161111]
 [7.610063562236588, 3.37129968401194]
 [3.339415105005395, 10.230091468189116]
 [0.2943444755984972, 7.334768576940854]
 [4.463384079171821, 9.818792501883712]
 [13.02295983888777, 2.72505753322115]
 [8.091779279045404, 1.225306467307941]
 [-3.7701487767345747, 8.47493193701317]
 [16.25813623333621, -1.4278903608501021]]
    
[[5.90758810226415, 5.646426077898732]
 [3.4469845559942107, 5.0867067477496395]
 [1.0696898486745257, 4.189386411369268]
 [9.097509080677925, 5.110672377759998]
 [-0.36279955897072325, 15.03148049435596]
 [14.92543394185445, -0.1339922925673961]
 [11.057542631766239, 4.166370832722394]
 [1.2514742405334327, 6.083333665570519]
 [4.07968155384775, 5.552757029275816]
 [5.796607376813526, 3.875772351520612]
 [5.743572681222824, 5.237790565025699]
 [5.872183798887184, 7.69732277430733]
 [5.227394753051408, 2.401718299487946]
 [9.221497216649679, 5.060679364405872]
 [2.7123616472971728, 13.03565572481171]
 [-0.5992780694980823, 9.916363815851453]
 [8.31566355989982, -3.610880399621212]
 [2.6551331655495556, 12.175112706936533]]
    
[[5.228330634348203, 6.325683545814645]
 [4.394978660426886, 4.138712643316958]
 [1.3350839429044976, 3.9239923171393114]
 [7.103290217622673, 7.104891240815236]
 [7.2484169637299, 7.42026397165537]
 [6.991133573318149, 7.8003080759688705]
 [7.676306478807924, 7.547606985680695]
 [5.398470549729772, 1.9363373563742143]
 [4.582687375431804, 5.049751207691766]
 [4.176430180403905, 5.495949547930229]
 [5.72545870951171, 5.255904536736814]
 [6.3785237276115465, 7.190982845582968]
 [3.8013107922585068, 3.8278022602808637]
 [3.203417093703964, 11.078759487351546]
 [5.196577105229365, 10.551440266879524]
 [6.107135717744434, 3.209950028608925]
 [2.6415035980781005, 2.063279562200542]
 [6.322658640449707, 8.507587232036347]]
    
[[3.308023851142675, 8.245990329020195]
 [4.65806091748111, 3.8756303862627446]
 [2.6687494738422153, 2.590326786201592]
 [7.356272207045781, 6.851909251392123]
 [6.505033283716875, 8.163647651668404]
 [6.820592689660771, 7.970848959626248]
 [8.363884620535075, 6.860028843953526]
 [4.2402864371908215, 3.094521468913147]
 [4.158673385667208, 5.4737651974563555]
 [5.385367666107244, 4.287012062226886]
 [4.865077324208083, 6.116285922040449]
 [5.9192094498656225, 7.650297123328896]
 [1.374665181973234, 6.254447870566114]
 [7.1390959247067745, 7.1430806563487845]
 [8.88628441984127, 6.861732952267595]
 [5.909432546782819, 3.407653199570589]
 [-3.889333577203013, 8.59411673748162]
 [9.744335706691848, 5.085910165794237]]
    
[[6.149399352555167, 5.404614827607708]
 [3.119057739765311, 5.414633563978535]
 [2.4721056375526134, 2.7869706224911974]
 [6.721711138895481, 7.486470319542427]
 [5.84120467273992, 8.827476262645355]
 [9.366008406851066, 5.425433242435951]
 [8.355906230642812, 6.86800723384581]
 [3.592159586840454, 3.7426483192635103]
 [3.5803110404093883, 6.052127542714165]
 [4.461196412076164, 5.211183316257984]
 [5.186977062576075, 5.794386183672445]
 [5.0662850183983785, 8.503221554796136]
 [0.8389399830960452, 6.7901730694433144]
 [4.928538495382613, 9.353638085672946]
 [8.550423121961332, 7.197594250147591]
 [5.031816974082662, 4.285268772270669]
 [0.10616813104140214, 4.598615029237212]
 [8.5064608368145, 6.323785035671598]]
    
[[4.452999210787565, 7.101014969375298]
 [3.2369124884067273, 5.2967788153371185]
 [1.139423983058136, 4.119652276985672]
 [8.420279232864052, 5.787902225573857]
 [6.863372385931935, 7.80530854945333]
 [7.5761898579257005, 7.215251791361334]
 [5.087293883051545, 10.136619581437056]
 [3.1900849675378224, 4.1447229385661455]
 [2.2709271076713513, 7.361511475452227]
 [4.8745951233456735, 4.7977846049884585]
 [4.033554758684768, 6.947808487563761]
 [6.055250478474299, 7.514256094720206]
 [5.151799108519952, 2.4773139440194187]
 [5.169396815575714, 9.112779765479813]
 [7.090364083526923, 8.65765328858197]
 [10.197036822075365, -0.8799510757219926]
 [-2.4363468265003814, 7.141129986778948]
 [11.56822456105372, 3.2620213114323726]]
    
[[7.218854273129946, 4.335159907032936]
 [2.9721216985030163, 5.561569605240829]
 [2.632420344776188, 2.6266559152676168]
 [6.738861102937787, 7.469320355500125]
 [7.359732606694587, 7.308948328690687]
 [6.712689596932921, 8.078752052354098]
 [-3.0249933674567413, 18.248906831945312]
 [16.266203291803105, -8.931395385699087]
 [4.968418820322224, 4.664019762801338]
 [4.777154996144347, 4.895224732189791]
 [5.560741597562295, 5.420621648686242]
 [6.586718482260244, 6.982788090934271]
 [15.638403841049215, -8.009290788509821]
 [-12.107696415506052, 26.389872996561525]
 [5.628264918695437, 10.119752453413438]
 [5.2844544157067395, 4.032631330646665]
 [1.6367947948645543, 3.0679883654140387]
 [6.859994909791536, 7.9702509626945375]]
    
[[6.215811758070358, 5.338202422092528]
 [4.0196799621642, 4.514011341579647]
 [2.5221109420026404, 2.736965318041155]
 [6.477759502538645, 7.73042195589928] [7.2484169637299, 7.42026397165537]
 [6.991133573318149, 7.8003080759688705]
 [7.135622319733792, 8.088291144754821]
 [3.6772043637612355, 3.657603542342731]
 [3.8852329914232717, 5.747205591700278]
 [3.13012695632902, 6.542252772005132]
 [6.815237473537948, 4.166125772710563]
 [5.874925905409294, 7.694580667785224]
 [6.63307526377143, 0.9960377887679513]
 [7.658800385039831, 6.623376196015735]
 [6.840907757096604, 8.907109615012327]
 [2.5753905748134445, 6.741695171539851]
 [7.520724431366346, -2.8159412710876803]
 [6.670483210411464, 8.15976266207462]]
    
[[6.282175729235812, 5.271838450927061]
 [4.269655759964583, 4.264035543779268]
 [1.713039796122979, 3.5460364639208346]
 [7.074306272436333, 7.133875186001569]
 [7.359732606694587, 7.308948328690687]
 [6.712689596932921, 8.078752052354098]
 [6.849042919481114, 8.374870545007497]
 [3.2289680902225193, 4.105839815881443]
 [4.096565035886522, 5.535873547237041]
 [4.467771021347559, 5.2046087069865825]
 [6.170447461767539, 4.810915784480988]
 [5.947228135481143, 7.622278437713375]
 [1.2541172709107449, 6.37499578162862]
 [10.73294051425148, 3.5492360668040694]
 [3.703960717749507, 12.044056654359386]
 [9.479049604464437, -0.16196385811107405]
 [1.8004455766177858, 2.904337583660821]
 [6.53986296405327, 8.29038290843282]]
    
[[5.059847597184485, 6.494166582978391]
 [5.458826090485961, 3.074865213257887]
 [2.0184015773201427, 3.2406746827236668]
 [6.732801971885322, 7.475379486552586]
 [7.320323374774573, 7.348357560610702]
 [6.820592689660771, 7.970848959626248]
 [8.4158594773297, 6.808053987158917]
 [3.8653295243364094, 3.4694783817675523]
 [2.644436062673551, 6.988002520450016]
 [4.817908986163893, 4.854470742170241]
 [4.781435486892452, 6.199927759356083]
 [8.611240874412484, 4.958265698782013]
 [1.6491758166564263, 5.979937235882921]
 [6.193276806276448, 8.088899774779101]
 [5.318675558954645, 10.429341813154222]
 [8.562023108425192, 0.7550626379281994]
 [1.8120187890762935, 2.892764371202295]
 [7.416185324261249, 7.414060548224848]]
    
[[6.357975860656387, 5.19603831950649]
 [3.6934949349835917, 4.840196368760249]
 [1.8178907333939147, 3.441185526649892]
 [7.501771766038656, 6.706409692399259]
 [6.534798692089135, 8.133882243296133]
 [6.956993925594671, 7.834447723692354]
 [8.415299332087141, 6.808614132401479]
 [3.8791749053941365, 3.455633000709825]
 [4.888065973693807, 4.744372609429762]
 [4.9282581343438165, 4.744121593990319]
 [5.805198779068105, 5.17616446718042]
 [6.574595706822181, 6.994910866372333]
 [-9.536452046732679, 17.165565099272072]
 [22.571703828375192, -8.289527247319695]
 [3.786127509231586, 11.961889862877321]
 [8.678094458419617, 0.6389912879337463]
 [0.4475556076215266, 4.2572275526570715]
 [4.056666612682557, 10.773579259803544]]
    
[[7.108988523858432, 4.445025656304447]
 [4.102939461776103, 4.430751841967757]
 [1.6853989101349913, 3.573677349908811]
 [6.6869732975103915, 7.521208160927522]
 [7.2484169637299, 7.42026397165537]
 [6.991133573318149, 7.8003080759688705]
 [8.433694013660995, 6.790219450827619]
 [3.514625861974271, 3.8201820441296945]
 [3.9358430954345094, 5.696595487689051]
 [5.196942750052143, 4.475436978281992]
 [4.749863536701608, 6.231499709546923]
 [6.214259172303118, 7.355247400891393]
 [6.371770874618542, 1.2573421779207903]
 [1.0718734394992475, 13.210303141556317]
 [6.066006160460553, 9.682011211648332]
 [6.594853500745167, 2.722232245608209]
 [0.30893599988220816, 4.395847160396409]
 [9.052539181312643, 5.777706691173452]]
    
[[6.046574789600101, 5.507439390562765]
 [4.209523727272257, 4.324167576471594]
 [1.9461222232802065, 3.312954036763605]
 [7.1819634668422525, 7.026217991595653]
 [7.359732606694587, 7.308948328690687]
 [6.712689596932921, 8.078752052354098]
 [3.201141278770956, 12.022772185717681]
 [4.961861837295089, 2.3729460688088913]
 [5.828197143458516, 3.8042414396650517]
 [3.1853788749880603, 6.48700085334604]
 [5.891124061067238, 5.090239185181289]
 [5.546411550669963, 8.023095022524554]
 [4.108306624867235, 3.520806427672093]
 [6.058525630531966, 8.223650950523576]
 [3.315513022290862, 12.432504349818025]
 [7.0813934375940555, 2.235692308759359]
 [2.0352754851859447, 2.669507675092646]
 [7.157913023376677, 7.672332849109423]]
    
[[6.530351154193619, 5.023663025969252]
 [3.6845362310151883, 4.849155072728664]
 [2.595976229091018, 2.663100030952782]
 [6.172662276495265, 8.035519181942652]
 [7.437139875448604, 7.231541059936664]
 [6.991133573318149, 7.8003080759688705]
 [4.386820774282675, 10.837092690205912]
 [4.482020713708192, 2.8527871923957777]
 [4.517671588526328, 5.114766994597241]
 [4.013400566468296, 5.658979161865831]
 [5.836241925266427, 5.145121320982102]
 [5.874925905409294, 7.694580667785224]
 [3.932855316698507, 3.6962577358408635]
 [6.748798730760988, 7.533377850294561]
 [3.6899537148154598, 12.058063657293433]
 [6.332154964068363, 2.9849307822849998]
 [2.044414904337163, 2.6603682559414543]
 [6.949524647674372, 7.880721224811717]]
    
[[3.0699440739214134, 8.484070106241466]
 [4.62662214822256, 3.9070691555212873]
 [2.4839150173809794, 2.7751612426628283]
 [6.909693465863139, 7.298487992574767]
 [7.199676472571707, 7.469004462813566]
 [6.991133573318149, 7.8003080759688705]
 [8.801642559313338, 6.422270905175275]
 [5.729439765805532, 1.6053681402984314]
 [1.3857345154503644, 8.246704067673207]
 [7.680860835696445, 1.9915188926376826]
 [3.787211809621318, 7.194151436627223]
 [4.440340193850848, 9.129166379343673]
 [0.7544150121523773, 6.874698040386973]
 [4.835549356068182, 9.44662722498736]
 [11.222460059966036, 4.525557312142846]
 [1.783172105987147, 7.533913640366239]
 [-0.9552652066601963, 5.660048366938788]
 [12.065304078689204, 2.7649417937968677]]
    
[[6.4308454158538915, 5.123168764308989]
 [4.789642595203684, 3.744048708540168]
 [3.947544161058553, 1.3115320989852506]
 [4.623153763871106, 9.58502769456681]
 [6.7759595389192455, 7.892721396466025]
 [6.991133573318149, 7.8003080759688705]
 [8.78325714142788, 6.440656323060734]
 [3.11174069167114, 4.223067214432829]
 [8.240703306736247, 1.3917352763873199]
 [-0.80769084018214, 10.480070568516272]
 [6.155309267357238, 4.826053978891289]
 [4.894056808848734, 8.675449764345787]
 [7.2060678169598775, 0.423045235579486]
 [13.721016375010183, 0.5611602060453563]
 [15.706078270933695, 0.041939101175209596]
 [-18.760514426869737, 28.077600173223086]
 [13.480284809662063, -8.775501649383438]
 [10.359083360642407, 4.471162511843669]]
    
[[8.15081107721694, 3.40320310294595]
 [3.6176002335778494, 4.916091070166005]
 [1.82481230623278, 3.4342639538110227]
 [6.906205703205717, 7.301975755232193]
 [7.2256632418606985, 7.44301769352457]
 [6.991133573318149, 7.8003080759688705]
 [6.715791464772227, 8.508121999716366]
 [2.959528069018741, 4.375279837085233]
 [5.073885457958577, 4.558553125164979]
 [5.5705847823077494, 4.101794946026389]
 [4.014846560677996, 6.966516685570528]
 [5.874925905409294, 7.694580667785224]
 [-1.6381014590801082, 9.267214511619459]
 [9.569029878134161, 4.713146702921359]
 [8.051627139488645, 7.696390232620236]
 [4.804384660187841, 4.512701086165571]
 [-5.718525540495117, 10.423308700773703]
 [13.489639580493513, 1.3406062919925876]]
